Weight_Input_Hidden: [[6.552083086304666, -2.451548512613222, 9.963042590897786], [-8.084674354921663, 4.272726841518068, -3.381084620880996], [9.182001002815483, 6.684292397150532, -7.151493716864568], [-8.072845692829011, 6.244162532922026, -5.09424373265154]]
Weight_Hidden_Hidden: [[[9.013308595335364, 0.22117749988575675], [-1.329149872850902, -2.0781451817252012], [1.2069066563976332, -1.4448626528884763]]]
Weight_Hidden_Output: [[4.185922697902473], [-0.6441353658593112]]
bias_Hidden: [[[-2.497982322723985], [4.345350399074999], [-1.4768278078892259]], [[-9.398077216842632], [8.86252016825786]]]
bias_Output: [[4.152638594802276]]
